3.141594694472915e-02 6.981105639322786e+10 1.570796300013222e+00 1.692041820000000e+13	1.000000029570898e+00 1.857005716551916e-15 -1.057095980910310e-06 1.562946246997951e-24 1.000000000000000e+00	0.000000000000000e+00 
3.141599504117723e-02 6.981105636584905e+10 1.570796300013222e+00 1.692044410000000e+13	1.000000029570898e+00 1.857005718008494e-15 -1.057097598745811e-06 1.562948640239343e-24 1.000000000000000e+00	0.000000000000000e+00 
9.424770316938560e-02 6.973964300832812e+10 1.570796300118916e+00 5.072654860000000e+13	1.000000029614249e+00 1.860810810881755e-15 -3.167111450409883e-06 4.692258682571247e-24 1.000000000000000e+00	0.000000000000000e+00 
9.424775136438565e-02 6.973964292629991e+10 1.570796300118917e+00 5.072657450000000e+13	1.000000029614249e+00 1.860810815259150e-15 -3.167113065162479e-06 4.692261085958688e-24 1.000000000000000e+00	0.000000000000000e+00 
9.424779955938583e-02 6.973964284427166e+10 1.570796300118917e+00 5.072660040000000e+13	1.000000029614249e+00 1.860810819636547e-15 -3.167114679915071e-06 4.692263489346135e-24 1.000000000000000e+00	0.000000000000000e+00 
3.141590242234063e-01 6.894391936980642e+10 1.570796301311433e+00 1.677964134000000e+14	1.000000030103354e+00 1.904012181166004e-15 -1.039962669847916e-05 1.576535853217681e-23 1.000000000000000e+00	0.000000000000000e+00 
3.141590735373220e-01 6.894391910045607e+10 1.570796301311434e+00 1.677964393000000e+14	1.000000030103355e+00 1.904012196043207e-15 -1.039962827685911e-05 1.576536104811296e-23 1.000000000000000e+00	0.000000000000000e+00 
3.141591228512380e-01 6.894391883110567e+10 1.570796301311434e+00 1.677964652000000e+14	1.000000030103355e+00 1.904012210920413e-15 -1.039962985523904e-05 1.576536356404915e-23 1.000000000000000e+00	0.000000000000000e+00 
3.141591721651545e-01 6.894391856175524e+10 1.570796301311435e+00 1.677964911000000e+14	1.000000030103355e+00 1.904012225797621e-15 -1.039963143361896e-05 1.576536607998537e-23 1.000000000000000e+00	0.000000000000000e+00 
3.141592214790713e-01 6.894391829240476e+10 1.570796301311435e+00 1.677965170000000e+14	1.000000030103355e+00 1.904012240674831e-15 -1.039963301199887e-05 1.576536859592165e-23 1.000000000000000e+00	0.000000000000000e+00 
3.141592707929886e-01 6.894391802305425e+10 1.570796301311435e+00 1.677965429000000e+14	1.000000030103355e+00 1.904012255552044e-15 -1.039963459037876e-05 1.576537111185796e-23 1.000000000000000e+00	0.000000000000000e+00 
3.141593201069062e-01 6.894391775370369e+10 1.570796301311436e+00 1.677965688000000e+14	1.000000030103355e+00 1.904012270429259e-15 -1.039963616875864e-05 1.576537362779431e-23 1.000000000000000e+00	0.000000000000000e+00 
3.141593694208242e-01 6.894391748435310e+10 1.570796301311436e+00 1.677965947000000e+14	1.000000030103356e+00 1.904012285306477e-15 -1.039963774713851e-05 1.576537614373069e-23 1.000000000000000e+00	0.000000000000000e+00 
3.141594187347425e-01 6.894391721500246e+10 1.570796301311437e+00 1.677966206000000e+14	1.000000030103356e+00 1.904012300183697e-15 -1.039963932551837e-05 1.576537865966711e-23 1.000000000000000e+00	0.000000000000000e+00 
3.141594680486613e-01 6.894391694565178e+10 1.570796301311437e+00 1.677966465000000e+14	1.000000030103356e+00 1.904012315060919e-15 -1.039964090389821e-05 1.576538117560356e-23 1.000000000000000e+00	0.000000000000000e+00 
3.141595173625805e-01 6.894391667630106e+10 1.570796301311438e+00 1.677966724000000e+14	1.000000030103356e+00 1.904012329938144e-15 -1.039964248227804e-05 1.576538369154006e-23 1.000000000000000e+00	0.000000000000000e+00 
3.141595666765000e-01 6.894391640695030e+10 1.570796301311438e+00 1.677966983000000e+14	1.000000030103356e+00 1.904012344815371e-15 -1.039964406065785e-05 1.576538620747660e-23 1.000000000000000e+00	0.000000000000000e+00 
3.141596159904199e-01 6.894391613759950e+10 1.570796301311438e+00 1.677967242000000e+14	1.000000030103356e+00 1.904012359692601e-15 -1.039964563903766e-05 1.576538872341318e-23 1.000000000000000e+00	0.000000000000000e+00 
3.141596653043402e-01 6.894391586824865e+10 1.570796301311439e+00 1.677967501000000e+14	1.000000030103357e+00 1.904012374569833e-15 -1.039964721741745e-05 1.576539123934979e-23 1.000000000000000e+00	0.000000000000000e+00 
3.141597146182609e-01 6.894391559889777e+10 1.570796301311439e+00 1.677967760000000e+14	1.000000030103357e+00 1.904012389447068e-15 -1.039964879579722e-05 1.576539375528643e-23 1.000000000000000e+00	0.000000000000000e+00 
3.141597639321820e-01 6.894391532954685e+10 1.570796301311440e+00 1.677968019000000e+14	1.000000030103357e+00 1.904012404324305e-15 -1.039965037417699e-05 1.576539627122311e-23 1.000000000000000e+00	0.000000000000000e+00 
3.141598132461035e-01 6.894391506019588e+10 1.570796301311440e+00 1.677968278000000e+14	1.000000030103357e+00 1.904012419201545e-15 -1.039965195255674e-05 1.576539878715984e-23 1.000000000000000e+00	0.000000000000000e+00 
3.141598625600253e-01 6.894391479084487e+10 1.570796301311440e+00 1.677968537000000e+14	1.000000030103357e+00 1.904012434078787e-15 -1.039965353093648e-05 1.576540130309661e-23 1.000000000000000e+00	0.000000000000000e+00 
3.141599118739476e-01 6.894391452149383e+10 1.570796301311441e+00 1.677968796000000e+14	1.000000030103357e+00 1.904012448956031e-15 -1.039965510931620e-05 1.576540381903341e-23 1.000000000000000e+00	0.000000000000000e+00 
3.141599611878702e-01 6.894391425214274e+10 1.570796301311441e+00 1.677969055000000e+14	1.000000030103358e+00 1.904012463833278e-15 -1.039965668769592e-05 1.576540633497025e-23 1.000000000000000e+00	0.000000000000000e+00 
9.424770319046619e-01 6.307005856962900e+10 1.570796311045235e+00 4.736316165000000e+14	1.000000034095632e+00 2.275177005810071e-15 -2.722658165349300e-05 4.932018316856508e-23 1.000000000000000e+00	0.000000000000000e+00 
9.424770908317470e-01 6.307005786446052e+10 1.570796311045236e+00 4.736316424000000e+14	1.000000034095633e+00 2.275177056686292e-15 -2.722658281914744e-05 4.932018638298512e-23 1.000000000000000e+00	0.000000000000000e+00 
9.424771497588335e-01 6.307005715929201e+10 1.570796311045237e+00 4.736316683000000e+14	1.000000034095633e+00 2.275177107562516e-15 -2.722658398480181e-05 4.932018959740521e-23 1.000000000000000e+00	0.000000000000000e+00 
9.424772086859212e-01 6.307005645412346e+10 1.570796311045239e+00 4.736316942000000e+14	1.000000034095634e+00 2.275177158438744e-15 -2.722658515045611e-05 4.932019281182534e-23 1.000000000000000e+00	0.000000000000000e+00 
9.424772676130103e-01 6.307005574895489e+10 1.570796311045240e+00 4.736317201000000e+14	1.000000034095634e+00 2.275177209314976e-15 -2.722658631611035e-05 4.932019602624553e-23 1.000000000000000e+00	0.000000000000000e+00 
9.424773265401006e-01 6.307005504378629e+10 1.570796311045241e+00 4.736317460000000e+14	1.000000034095635e+00 2.275177260191212e-15 -2.722658748176451e-05 4.932019924066578e-23 1.000000000000000e+00	0.000000000000000e+00 
9.424773854671923e-01 6.307005433861766e+10 1.570796311045243e+00 4.736317719000000e+14	1.000000034095635e+00 2.275177311067452e-15 -2.722658864741861e-05 4.932020245508609e-23 1.000000000000000e+00	0.000000000000000e+00 
9.424774443942854e-01 6.307005363344900e+10 1.570796311045244e+00 4.736317978000000e+14	1.000000034095636e+00 2.275177361943696e-15 -2.722658981307263e-05 4.932020566950644e-23 1.000000000000000e+00	0.000000000000000e+00 
9.424775033213797e-01 6.307005292828031e+10 1.570796311045245e+00 4.736318237000000e+14	1.000000034095636e+00 2.275177412819943e-15 -2.722659097872659e-05 4.932020888392684e-23 1.000000000000000e+00	0.000000000000000e+00 
9.424775622484753e-01 6.307005222311159e+10 1.570796311045246e+00 4.736318496000000e+14	1.000000034095637e+00 2.275177463696195e-15 -2.722659214438048e-05 4.932021209834731e-23 1.000000000000000e+00	0.000000000000000e+00 
9.424776211755723e-01 6.307005151794284e+10 1.570796311045248e+00 4.736318755000000e+14	1.000000034095637e+00 2.275177514572450e-15 -2.722659331003430e-05 4.932021531276784e-23 1.000000000000000e+00	0.000000000000000e+00 
9.424776801026706e-01 6.307005081277406e+10 1.570796311045249e+00 4.736319014000000e+14	1.000000034095638e+00 2.275177565448709e-15 -2.722659447568806e-05 4.932021852718841e-23 1.000000000000000e+00	0.000000000000000e+00 
9.424777390297702e-01 6.307005010760524e+10 1.570796311045250e+00 4.736319273000000e+14	1.000000034095638e+00 2.275177616324973e-15 -2.722659564134174e-05 4.932022174160903e-23 1.000000000000000e+00	0.000000000000000e+00 
9.424777979568711e-01 6.307004940243640e+10 1.570796311045251e+00 4.736319532000000e+14	1.000000034095639e+00 2.275177667201240e-15 -2.722659680699536e-05 4.932022495602972e-23 1.000000000000000e+00	0.000000000000000e+00 
9.424778568839734e-01 6.307004869726753e+10 1.570796311045253e+00 4.736319791000000e+14	1.000000034095639e+00 2.275177718077511e-15 -2.722659797264891e-05 4.932022817045047e-23 1.000000000000000e+00	0.000000000000000e+00 
9.424779158110769e-01 6.307004799209863e+10 1.570796311045254e+00 4.736320050000000e+14	1.000000034095640e+00 2.275177768953785e-15 -2.722659913830239e-05 4.932023138487126e-23 1.000000000000000e+00	0.000000000000000e+00 
9.424779747381818e-01 6.307004728692969e+10 1.570796311045255e+00 4.736320309000000e+14	1.000000034095641e+00 2.275177819830064e-15 -2.722660030395580e-05 4.932023459929210e-23 1.000000000000000e+00	0.000000000000000e+00 
3.141590015286583e+00 4.595661728324124e+10 1.570796353589796e+00 1.138263482300000e+15	1.000000051545107e+00 4.285145201266007e-15 -9.724507834484416e-11 2.694526146789681e-28 1.000000000000000e+00	0.000000000000000e+00 
3.141590126271843e+00 4.595661728323877e+10 1.570796353589796e+00 1.138263508200000e+15	1.000000051545107e+00 4.285145201266467e-15 -9.350998899545622e-11 2.567092831244091e-28 1.000000000000000e+00	0.000000000000000e+00 
3.141590237257104e+00 4.595661728323639e+10 1.570796353589796e+00 1.138263534100000e+15	1.000000051545107e+00 4.285145201266910e-15 -8.977489964606674e-11 2.439659515698450e-28 1.000000000000000e+00	0.000000000000000e+00 
3.141590348242365e+00 4.595661728323412e+10 1.570796353589796e+00 1.138263560000000e+15	1.000000051545107e+00 4.285145201267335e-15 -8.603981029667577e-11 2.312226200152760e-28 1.000000000000000e+00	0.000000000000000e+00 
3.141590459227626e+00 4.595661728323194e+10 1.570796353589796e+00 1.138263585900000e+15	1.000000051545107e+00 4.285145201267741e-15 -8.230472094728338e-11 2.184792884607023e-28 1.000000000000000e+00	0.000000000000000e+00 
3.141590570212886e+00 4.595661728322985e+10 1.570796353589796e+00 1.138263611800000e+15	1.000000051545107e+00 4.285145201268130e-15 -7.856963159788963e-11 2.057359569061241e-28 1.000000000000000e+00	0.000000000000000e+00 
3.141590681198147e+00 4.595661728322787e+10 1.570796353589796e+00 1.138263637700000e+15	1.000000051545107e+00 4.285145201268500e-15 -7.483454224849459e-11 1.929926253515417e-28 1.000000000000000e+00	0.000000000000000e+00 
3.141590792183408e+00 4.595661728322598e+10 1.570796353589796e+00 1.138263663600000e+15	1.000000051545107e+00 4.285145201268853e-15 -7.109945289909830e-11 1.802492937969553e-28 1.000000000000000e+00	0.000000000000000e+00 
3.141590903168668e+00 4.595661728322418e+10 1.570796353589796e+00 1.138263689500000e+15	1.000000051545107e+00 4.285145201269187e-15 -6.736436354970084e-11 1.675059622423650e-28 1.000000000000000e+00	0.000000000000000e+00 
3.141591014153929e+00 4.595661728322249e+10 1.570796353589796e+00 1.138263715400000e+15	1.000000051545107e+00 4.285145201269503e-15 -6.362927420030227e-11 1.547626306877712e-28 1.000000000000000e+00	0.000000000000000e+00 
3.141591125139190e+00 4.595661728322089e+10 1.570796353589796e+00 1.138263741300000e+15	1.000000051545107e+00 4.285145201269802e-15 -5.989418485090264e-11 1.420192991331739e-28 1.000000000000000e+00	0.000000000000000e+00 
3.141591236124451e+00 4.595661728321939e+10 1.570796353589796e+00 1.138263767200000e+15	1.000000051545107e+00 4.285145201270082e-15 -5.615909550150203e-11 1.292759675785735e-28 1.000000000000000e+00	0.000000000000000e+00 
3.141591347109711e+00 4.595661728321798e+10 1.570796353589796e+00 1.138263793100000e+15	1.000000051545107e+00 4.285145201270344e-15 -5.242400615210049e-11 1.165326360239701e-28 1.000000000000000e+00	0.000000000000000e+00 
3.141591458094972e+00 4.595661728321667e+10 1.570796353589796e+00 1.138263819000000e+15	1.000000051545107e+00 4.285145201270588e-15 -4.868891680269808e-11 1.037893044693639e-28 1.000000000000000e+00	0.000000000000000e+00 
3.141591569080233e+00 4.595661728321546e+10 1.570796353589796e+00 1.138263844900000e+15	1.000000051545107e+00 4.285145201270815e-15 -4.495382745329486e-11 9.104597291475525e-29 1.000000000000000e+00	0.000000000000000e+00 
3.141591680065493e+00 4.595661728321434e+10 1.570796353589796e+00 1.138263870800000e+15	1.000000051545107e+00 4.285145201271023e-15 -4.121873810389091e-11 7.830264136014424e-29 1.000000000000000e+00	0.000000000000000e+00 
3.141591791050754e+00 4.595661728321332e+10 1.570796353589796e+00 1.138263896700000e+15	1.000000051545107e+00 4.285145201271213e-15 -3.748364875448627e-11 6.555930980553113e-29 1.000000000000000e+00	0.000000000000000e+00 
3.141591902036015e+00 4.595661728321240e+10 1.570796353589796e+00 1.138263922600000e+15	1.000000051545107e+00 4.285145201271385e-15 -3.374855940508101e-11 5.281597825091613e-29 1.000000000000000e+00	0.000000000000000e+00 
3.141592013021275e+00 4.595661728321157e+10 1.570796353589796e+00 1.138263948500000e+15	1.000000051545107e+00 4.285145201271539e-15 -3.001347005567519e-11 4.007264669629945e-29 1.000000000000000e+00	0.000000000000000e+00 
3.141592124006536e+00 4.595661728321085e+10 1.570796353589796e+00 1.138263974400000e+15	1.000000051545107e+00 4.285145201271675e-15 -2.627838070626888e-11 2.732931514168131e-29 1.000000000000000e+00	0.000000000000000e+00 
3.141592234991797e+00 4.595661728321021e+10 1.570796353589796e+00 1.138264000300000e+15	1.000000051545107e+00 4.285145201271793e-15 -2.254329135686214e-11 1.458598358706192e-29 1.000000000000000e+00	0.000000000000000e+00 
3.141592345977058e+00 4.595661728320968e+10 1.570796353589796e+00 1.138264026200000e+15	1.000000051545107e+00 4.285145201271892e-15 -1.880820200745502e-11 1.842652032441497e-30 1.000000000000000e+00	0.000000000000000e+00 
3.141592456962318e+00 4.595661728320924e+10 1.570796353589796e+00 1.138264052100000e+15	1.000000051545107e+00 4.285145201271974e-15 -1.507311265804759e-11 -1.090067952217974e-29 1.000000000000000e+00	0.000000000000000e+00 
3.141592567947579e+00 4.595661728320890e+10 1.570796353589796e+00 1.138264078000000e+15	1.000000051545107e+00 4.285145201272038e-15 -1.133802330863991e-11 -2.364401107680159e-29 1.000000000000000e+00	0.000000000000000e+00 
3.141592678932840e+00 4.595661728320865e+10 1.570796353589796e+00 1.138264103900000e+15	1.000000051545107e+00 4.285145201272084e-15 -7.602933959232044e-12 -3.638734263142382e-29 1.000000000000000e+00	0.000000000000000e+00 
3.141592789918100e+00 4.595661728320850e+10 1.570796353589796e+00 1.138264129800000e+15	1.000000051545107e+00 4.285145201272112e-15 -3.867844609824053e-12 -4.913067418604623e-29 1.000000000000000e+00	0.000000000000000e+00 
3.141592900903361e+00 4.595661728320845e+10 1.570796353589796e+00 1.138264155700000e+15	1.000000051545107e+00 4.285145201272121e-15 -1.327552604159975e-13 -6.187400574066859e-29 1.000000000000000e+00	0.000000000000000e+00 
3.141593011888622e+00 4.595661728320850e+10 1.570796353589796e+00 1.138264181600000e+15	1.000000051545107e+00 4.285145201272113e-15 3.602334088992060e-12 -7.461733729529071e-29 1.000000000000000e+00	0.000000000000000e+00 
3.141593122873883e+00 4.595661728320864e+10 1.570796353589796e+00 1.138264207500000e+15	1.000000051545107e+00 4.285145201272086e-15 7.337423438400058e-12 -8.736066884991235e-29 1.000000000000000e+00	0.000000000000000e+00 
3.141593233859143e+00 4.595661728320888e+10 1.570796353589796e+00 1.138264233400000e+15	1.000000051545107e+00 4.285145201272042e-15 1.107251278780793e-11 -1.001040004045333e-28 1.000000000000000e+00	0.000000000000000e+00 
3.141593344844404e+00 4.595661728320921e+10 1.570796353589796e+00 1.138264259300000e+15	1.000000051545107e+00 4.285145201271979e-15 1.480760213721563e-11 -1.128473319591534e-28 1.000000000000000e+00	0.000000000000000e+00 
3.141593455829665e+00 4.595661728320964e+10 1.570796353589796e+00 1.138264285200000e+15	1.000000051545107e+00 4.285145201271899e-15 1.854269148662308e-11 -1.255906635137723e-28 1.000000000000000e+00	0.000000000000000e+00 
3.141593566814925e+00 4.595661728321017e+10 1.570796353589796e+00 1.138264311100000e+15	1.000000051545107e+00 4.285145201271800e-15 2.227778083603022e-11 -1.383339950683899e-28 1.000000000000000e+00	0.000000000000000e+00 
3.141593677800186e+00 4.595661728321080e+10 1.570796353589796e+00 1.138264337000000e+15	1.000000051545107e+00 4.285145201271684e-15 2.601287018543699e-11 -1.510773266230060e-28 1.000000000000000e+00	0.000000000000000e+00 
3.141593788785447e+00 4.595661728321152e+10 1.570796353589796e+00 1.138264362900000e+15	1.000000051545107e+00 4.285145201271549e-15 2.974795953484334e-11 -1.638206581776203e-28 1.000000000000000e+00	0.000000000000000e+00 
3.141593899770708e+00 4.595661728321234e+10 1.570796353589796e+00 1.138264388800000e+15	1.000000051545107e+00 4.285145201271396e-15 3.348304888424919e-11 -1.765639897322327e-28 1.000000000000000e+00	0.000000000000000e+00 
3.141594010755968e+00 4.595661728321325e+10 1.570796353589796e+00 1.138264414700000e+15	1.000000051545107e+00 4.285145201271226e-15 3.721813823365449e-11 -1.893073212868428e-28 1.000000000000000e+00	0.000000000000000e+00 
3.141594121741229e+00 4.595661728321427e+10 1.570796353589796e+00 1.138264440600000e+15	1.000000051545107e+00 4.285145201271037e-15 4.095322758305918e-11 -2.020506528414506e-28 1.000000000000000e+00	0.000000000000000e+00 
3.141594232726490e+00 4.595661728321538e+10 1.570796353589796e+00 1.138264466500000e+15	1.000000051545107e+00 4.285145201270830e-15 4.468831693246318e-11 -2.147939843960558e-28 1.000000000000000e+00	0.000000000000000e+00 
3.141594343711750e+00 4.595661728321658e+10 1.570796353589796e+00 1.138264492400000e+15	1.000000051545107e+00 4.285145201270605e-15 4.842340628186645e-11 -2.275373159506581e-28 1.000000000000000e+00	0.000000000000000e+00 
3.141594454697011e+00 4.595661728321788e+10 1.570796353589796e+00 1.138264518300000e+15	1.000000051545107e+00 4.285145201270362e-15 5.215849563126892e-11 -2.402806475052573e-28 1.000000000000000e+00	0.000000000000000e+00 
3.141594565682272e+00 4.595661728321928e+10 1.570796353589796e+00 1.138264544200000e+15	1.000000051545107e+00 4.285145201270101e-15 5.589358498067053e-11 -2.530239790598534e-28 1.000000000000000e+00	0.000000000000000e+00 
3.141594676667533e+00 4.595661728322078e+10 1.570796353589796e+00 1.138264570100000e+15	1.000000051545107e+00 4.285145201269822e-15 5.962867433007121e-11 -2.657673106144459e-28 1.000000000000000e+00	0.000000000000000e+00 
3.141594787652793e+00 4.595661728322237e+10 1.570796353589796e+00 1.138264596000000e+15	1.000000051545107e+00 4.285145201269525e-15 6.336376367947091e-11 -2.785106421690347e-28 1.000000000000000e+00	0.000000000000000e+00 
3.141594898638054e+00 4.595661728322406e+10 1.570796353589796e+00 1.138264621900000e+15	1.000000051545107e+00 4.285145201269210e-15 6.709885302886956e-11 -2.912539737236197e-28 1.000000000000000e+00	0.000000000000000e+00 
3.141595009623315e+00 4.595661728322585e+10 1.570796353589796e+00 1.138264647800000e+15	1.000000051545107e+00 4.285145201268877e-15 7.083394237826710e-11 -3.039973052782005e-28 1.000000000000000e+00	0.000000000000000e+00 
3.141595120608575e+00 4.595661728322773e+10 1.570796353589796e+00 1.138264673700000e+15	1.000000051545107e+00 4.285145201268526e-15 7.456903172766347e-11 -3.167406368327770e-28 1.000000000000000e+00	0.000000000000000e+00 
3.141595231593836e+00 4.595661728322971e+10 1.570796353589796e+00 1.138264699600000e+15	1.000000051545107e+00 4.285145201268157e-15 7.830412107705860e-11 -3.294839683873490e-28 1.000000000000000e+00	0.000000000000000e+00 
3.141595342579097e+00 4.595661728323179e+10 1.570796353589796e+00 1.138264725500000e+15	1.000000051545107e+00 4.285145201267769e-15 8.203921042645245e-11 -3.422272999419162e-28 1.000000000000000e+00	0.000000000000000e+00 
3.141595453564358e+00 4.595661728323396e+10 1.570796353589796e+00 1.138264751400000e+15	1.000000051545107e+00 4.285145201267364e-15 8.577429977584494e-11 -3.549706314964784e-28 1.000000000000000e+00	0.000000000000000e+00 
3.141595564549618e+00 4.595661728323623e+10 1.570796353589796e+00 1.138264777300000e+15	1.000000051545107e+00 4.285145201266941e-15 8.950938912523601e-11 -3.677139630510354e-28 1.000000000000000e+00	0.000000000000000e+00 
3.141595675534879e+00 4.595661728323860e+10 1.570796353589796e+00 1.138264803200000e+15	1.000000051545107e+00 4.285145201266500e-15 9.324447847462560e-11 -3.804572946055870e-28 1.000000000000000e+00	0.000000000000000e+00 
3.141595786520140e+00 4.595661728324106e+10 1.570796353589796e+00 1.138264829100000e+15	1.000000051545107e+00 4.285145201266040e-15 9.697956782401365e-11 -3.932006261601330e-28 1.000000000000000e+00	0.000000000000000e+00 
3.141595897505400e+00 4.595661728324362e+10 1.570796353589796e+00 1.138264855000000e+15	1.000000051545107e+00 4.285145201265563e-15 1.007146571734001e-10 -4.059439577146732e-28 1.000000000000000e+00	0.000000000000000e+00 
3.141596008490661e+00 4.595661728324628e+10 1.570796353589796e+00 1.138264880900000e+15	1.000000051545107e+00 4.285145201265067e-15 1.044497465227849e-10 -4.186872892692073e-28 1.000000000000000e+00	0.000000000000000e+00 
3.141596119475922e+00 4.595661728324903e+10 1.570796353589796e+00 1.138264906800000e+15	1.000000051545107e+00 4.285145201264554e-15 1.081848358721679e-10 -4.314306208237351e-28 1.000000000000000e+00	0.000000000000000e+00 
3.141596230461183e+00 4.595661728325188e+10 1.570796353589796e+00 1.138264932700000e+15	1.000000051545107e+00 4.285145201264022e-15 1.119199252215492e-10 -4.441739523782565e-28 1.000000000000000e+00	0.000000000000000e+00 
3.141596341446443e+00 4.595661728325483e+10 1.570796353589796e+00 1.138264958600000e+15	1.000000051545107e+00 4.285145201263473e-15 1.156550145709286e-10 -4.569172839327712e-28 1.000000000000000e+00	0.000000000000000e+00 
3.141596452431704e+00 4.595661728325787e+10 1.570796353589796e+00 1.138264984500000e+15	1.000000051545107e+00 4.285145201262905e-15 1.193901039203061e-10 -4.696606154872790e-28 1.000000000000000e+00	0.000000000000000e+00 
3.141596563416965e+00 4.595661728326101e+10 1.570796353589796e+00 1.138265010400000e+15	1.000000051545107e+00 4.285145201262319e-15 1.231251932696817e-10 -4.824039470417796e-28 1.000000000000000e+00	0.000000000000000e+00 
3.141596674402225e+00 4.595661728326425e+10 1.570796353589796e+00 1.138265036300000e+15	1.000000051545107e+00 4.285145201261716e-15 1.268602826190552e-10 -4.951472785962729e-28 1.000000000000000e+00	0.000000000000000e+00 
3.141596785387486e+00 4.595661728326758e+10 1.570796353589796e+00 1.138265062200000e+15	1.000000051545107e+00 4.285145201261094e-15 1.305953719684266e-10 -5.078906101507587e-28 1.000000000000000e+00	0.000000000000000e+00 
3.141596896372747e+00 4.595661728327101e+10 1.570796353589796e+00 1.138265088100000e+15	1.000000051545107e+00 4.285145201260454e-15 1.343304613177958e-10 -5.206339417052367e-28 1.000000000000000e+00	0.000000000000000e+00 
3.141597007358008e+00 4.595661728327454e+10 1.570796353589796e+00 1.138265114000000e+15	1.000000051545107e+00 4.285145201259796e-15 1.380655506671628e-10 -5.333772732597067e-28 1.000000000000000e+00	0.000000000000000e+00 
3.141597118343268e+00 4.595661728327817e+10 1.570796353589796e+00 1.138265139900000e+15	1.000000051545107e+00 4.285145201259120e-15 1.418006400165276e-10 -5.461206048141686e-28 1.000000000000000e+00	0.000000000000000e+00 
3.141597229328529e+00 4.595661728328189e+10 1.570796353589796e+00 1.138265165800000e+15	1.000000051545107e+00 4.285145201258426e-15 1.455357293658900e-10 -5.588639363686220e-28 1.000000000000000e+00	0.000000000000000e+00 
3.141597340313790e+00 4.595661728328570e+10 1.570796353589796e+00 1.138265191700000e+15	1.000000051545107e+00 4.285145201257714e-15 1.492708187152499e-10 -5.716072679230668e-28 1.000000000000000e+00	0.000000000000000e+00 
3.141597451299050e+00 4.595661728328962e+10 1.570796353589796e+00 1.138265217600000e+15	1.000000051545107e+00 4.285145201256984e-15 1.530059080646075e-10 -5.843505994775027e-28 1.000000000000000e+00	0.000000000000000e+00 
3.141597562284311e+00 4.595661728329363e+10 1.570796353589796e+00 1.138265243500000e+15	1.000000051545107e+00 4.285145201256236e-15 1.567409974139625e-10 -5.970939310319296e-28 1.000000000000000e+00	0.000000000000000e+00 
3.141597673269572e+00 4.595661728329774e+10 1.570796353589796e+00 1.138265269400000e+15	1.000000051545107e+00 4.285145201255470e-15 1.604760867633149e-10 -6.098372625863472e-28 1.000000000000000e+00	0.000000000000000e+00 
3.141597784254833e+00 4.595661728330194e+10 1.570796353589796e+00 1.138265295300000e+15	1.000000051545107e+00 4.285145201254686e-15 1.642111761126646e-10 -6.225805941407554e-28 1.000000000000000e+00	0.000000000000000e+00 
3.141597895240093e+00 4.595661728330624e+10 1.570796353589796e+00 1.138265321200000e+15	1.000000051545107e+00 4.285145201253884e-15 1.679462654620117e-10 -6.353239256951538e-28 1.000000000000000e+00	0.000000000000000e+00 
3.141598006225354e+00 4.595661728331064e+10 1.570796353589796e+00 1.138265347100000e+15	1.000000051545107e+00 4.285145201253064e-15 1.716813548113559e-10 -6.480672572495424e-28 1.000000000000000e+00	0.000000000000000e+00 
3.141598117210615e+00 4.595661728331514e+10 1.570796353589796e+00 1.138265373000000e+15	1.000000051545107e+00 4.285145201252226e-15 1.754164441606974e-10 -6.608105888039208e-28 1.000000000000000e+00	0.000000000000000e+00 
3.141598228195875e+00 4.595661728331973e+10 1.570796353589796e+00 1.138265398900000e+15	1.000000051545107e+00 4.285145201251369e-15 1.791515335100359e-10 -6.735539203582889e-28 1.000000000000000e+00	0.000000000000000e+00 
3.141598339181136e+00 4.595661728332442e+10 1.570796353589796e+00 1.138265424800000e+15	1.000000051545107e+00 4.285145201250495e-15 1.828866228593714e-10 -6.862972519126464e-28 1.000000000000000e+00	0.000000000000000e+00 
3.141598450166397e+00 4.595661728332920e+10 1.570796353589796e+00 1.138265450700000e+15	1.000000051545107e+00 4.285145201249603e-15 1.866217122087040e-10 -6.990405834669931e-28 1.000000000000000e+00	0.000000000000000e+00 
3.141598561151658e+00 4.595661728333408e+10 1.570796353589796e+00 1.138265476600000e+15	1.000000051545107e+00 4.285145201248692e-15 1.903568015580334e-10 -7.117839150213289e-28 1.000000000000000e+00	0.000000000000000e+00 
3.141598672136918e+00 4.595661728333906e+10 1.570796353589796e+00 1.138265502500000e+15	1.000000051545107e+00 4.285145201247764e-15 1.940918909073598e-10 -7.245272465756534e-28 1.000000000000000e+00	0.000000000000000e+00 
3.141598783122179e+00 4.595661728334414e+10 1.570796353589796e+00 1.138265528400000e+15	1.000000051545107e+00 4.285145201246817e-15 1.978269802566829e-10 -7.372705781299666e-28 1.000000000000000e+00	0.000000000000000e+00 
3.141598894107440e+00 4.595661728334931e+10 1.570796353589796e+00 1.138265554300000e+15	1.000000051545107e+00 4.285145201245853e-15 2.015620696060027e-10 -7.500139096842681e-28 1.000000000000000e+00	0.000000000000000e+00 
3.141599005092700e+00 4.595661728335458e+10 1.570796353589796e+00 1.138265580200000e+15	1.000000051545107e+00 4.285145201244870e-15 2.052971589553192e-10 -7.627572412385578e-28 1.000000000000000e+00	0.000000000000000e+00 
3.141599116077961e+00 4.595661728335995e+10 1.570796353589796e+00 1.138265606100000e+15	1.000000051545107e+00 4.285145201243870e-15 2.090322483046323e-10 -7.755005727928354e-28 1.000000000000000e+00	0.000000000000000e+00 
3.141599227063222e+00 4.595661728336541e+10 1.570796353589796e+00 1.138265632000000e+15	1.000000051545107e+00 4.285145201242851e-15 2.127673376539420e-10 -7.882439043471008e-28 1.000000000000000e+00	0.000000000000000e+00 
3.141599338048483e+00 4.595661728337097e+10 1.570796353589796e+00 1.138265657900000e+15	1.000000051545107e+00 4.285145201241814e-15 2.165024270032481e-10 -8.009872359013536e-28 1.000000000000000e+00	0.000000000000000e+00 
3.141599449033743e+00 4.595661728337662e+10 1.570796353589796e+00 1.138265683800000e+15	1.000000051545107e+00 4.285145201240760e-15 2.202375163525507e-10 -8.137305674555938e-28 1.000000000000000e+00	0.000000000000000e+00 
3.141599560019004e+00 4.595661728338237e+10 1.570796353589796e+00 1.138265709700000e+15	1.000000051545107e+00 4.285145201239687e-15 2.239726057018496e-10 -8.264738990098210e-28 1.000000000000000e+00	0.000000000000000e+00 
3.141599671004265e+00 4.595661728338822e+10 1.570796353589796e+00 1.138265735600000e+15	1.000000051545107e+00 4.285145201238596e-15 2.277076950511448e-10 -8.392172305640351e-28 1.000000000000000e+00	0.000000000000000e+00 
3.141599781989525e+00 4.595661728339417e+10 1.570796353589796e+00 1.138265761500000e+15	1.000000051545107e+00 4.285145201237487e-15 2.314427844004363e-10 -8.519605621182359e-28 1.000000000000000e+00	0.000000000000000e+00 
3.141599892974786e+00 4.595661728340021e+10 1.570796353589796e+00 1.138265787400000e+15	1.000000051545107e+00 4.285145201236360e-15 2.351778737497239e-10 -8.647038936724231e-28 1.000000000000000e+00	0.000000000000000e+00 
9.424770045859679e+00 4.595661728350360e+10 1.570796353589796e+00 3.414790446900000e+15	1.000000051545107e+00 4.285145201217083e-15 -2.917352385518708e-10 8.083812784775590e-28 1.000000000000000e+00	0.000000000000000e+00 
9.424770156844940e+00 4.595661728349610e+10 1.570796353589796e+00 3.414790472800000e+15	1.000000051545107e+00 4.285145201218483e-15 -2.880001492026486e-10 7.956379469235219e-28 1.000000000000000e+00	0.000000000000000e+00 
9.424770267830201e+00 4.595661728348869e+10 1.570796353589796e+00 3.414790498700000e+15	1.000000051545107e+00 4.285145201219865e-15 -2.842650598534217e-10 7.828946153694691e-28 1.000000000000000e+00	0.000000000000000e+00 
9.424770378815461e+00 4.595661728348137e+10 1.570796353589796e+00 3.414790524600000e+15	1.000000051545107e+00 4.285145201221229e-15 -2.805299705041901e-10 7.701512838154008e-28 1.000000000000000e+00	0.000000000000000e+00 
9.424770489800722e+00 4.595661728347415e+10 1.570796353589796e+00 3.414790550500000e+15	1.000000051545107e+00 4.285145201222575e-15 -2.767948811549538e-10 7.574079522613171e-28 1.000000000000000e+00	0.000000000000000e+00 
9.424770600785983e+00 4.595661728346703e+10 1.570796353589796e+00 3.414790576400000e+15	1.000000051545107e+00 4.285145201223903e-15 -2.730597918057130e-10 7.446646207072183e-28 1.000000000000000e+00	0.000000000000000e+00 
9.424770711771243e+00 4.595661728346001e+10 1.570796353589796e+00 3.414790602300000e+15	1.000000051545107e+00 4.285145201225212e-15 -2.693247024564677e-10 7.319212891531046e-28 1.000000000000000e+00	0.000000000000000e+00 
9.424770822756504e+00 4.595661728345308e+10 1.570796353589796e+00 3.414790628200000e+15	1.000000051545107e+00 4.285145201226504e-15 -2.655896131072179e-10 7.191779575989762e-28 1.000000000000000e+00	0.000000000000000e+00 
9.424770933741765e+00 4.595661728344625e+10 1.570796353589796e+00 3.414790654100000e+15	1.000000051545107e+00 4.285145201227778e-15 -2.618545237579637e-10 7.064346260448333e-28 1.000000000000000e+00	0.000000000000000e+00 
9.424771044727026e+00 4.595661728343952e+10 1.570796353589796e+00 3.414790680000000e+15	1.000000051545107e+00 4.285145201229034e-15 -2.581194344087052e-10 6.936912944906762e-28 1.000000000000000e+00	0.000000000000000e+00 
9.424771155712286e+00 4.595661728343288e+10 1.570796353589796e+00 3.414790705900000e+15	1.000000051545107e+00 4.285145201230271e-15 -2.543843450594424e-10 6.809479629365051e-28 1.000000000000000e+00	0.000000000000000e+00 
9.424771266697547e+00 4.595661728342634e+10 1.570796353589796e+00 3.414790731800000e+15	1.000000051545107e+00 4.285145201231491e-15 -2.506492557101755e-10 6.682046313823201e-28 1.000000000000000e+00	0.000000000000000e+00 
9.424771377682808e+00 4.595661728341990e+10 1.570796353589796e+00 3.414790757700000e+15	1.000000051545107e+00 4.285145201232693e-15 -2.469141663609043e-10 6.554612998281215e-28 1.000000000000000e+00	0.000000000000000e+00 
9.424771488668068e+00 4.595661728341355e+10 1.570796353589796e+00 3.414790783600000e+15	1.000000051545107e+00 4.285145201233876e-15 -2.431790770116291e-10 6.427179682739095e-28 1.000000000000000e+00	0.000000000000000e+00 
9.424771599653329e+00 4.595661728340730e+10 1.570796353589796e+00 3.414790809500000e+15	1.000000051545107e+00 4.285145201235042e-15 -2.394439876623499e-10 6.299746367196843e-28 1.000000000000000e+00	0.000000000000000e+00 
9.424771710638590e+00 4.595661728340115e+10 1.570796353589796e+00 3.414790835400000e+15	1.000000051545107e+00 4.285145201236189e-15 -2.357088983130667e-10 6.172313051654461e-28 1.000000000000000e+00	0.000000000000000e+00 
9.424771821623851e+00 4.595661728339509e+10 1.570796353589796e+00 3.414790861300000e+15	1.000000051545107e+00 4.285145201237319e-15 -2.319738089637797e-10 6.044879736111952e-28 1.000000000000000e+00	0.000000000000000e+00 
9.424771932609111e+00 4.595661728338913e+10 1.570796353589796e+00 3.414790887200000e+15	1.000000051545107e+00 4.285145201238430e-15 -2.282387196144888e-10 5.917446420569318e-28 1.000000000000000e+00	0.000000000000000e+00 
9.424772043594372e+00 4.595661728338327e+10 1.570796353589796e+00 3.414790913100000e+15	1.000000051545107e+00 4.285145201239524e-15 -2.245036302651941e-10 5.790013105026560e-28 1.000000000000000e+00	0.000000000000000e+00 
9.424772154579633e+00 4.595661728337750e+10 1.570796353589796e+00 3.414790939000000e+15	1.000000051545107e+00 4.285145201240599e-15 -2.207685409158957e-10 5.662579789483681e-28 1.000000000000000e+00	0.000000000000000e+00 
9.424772265564893e+00 4.595661728337183e+10 1.570796353589796e+00 3.414790964900000e+15	1.000000051545107e+00 4.285145201241656e-15 -2.170334515665937e-10 5.535146473940683e-28 1.000000000000000e+00	0.000000000000000e+00 
9.424772376550154e+00 4.595661728336626e+10 1.570796353589796e+00 3.414790990800000e+15	1.000000051545107e+00 4.285145201242695e-15 -2.132983622172880e-10 5.407713158397568e-28 1.000000000000000e+00	0.000000000000000e+00 
9.424772487535415e+00 4.595661728336078e+10 1.570796353589796e+00 3.414791016700000e+15	1.000000051545107e+00 4.285145201243717e-15 -2.095632728679789e-10 5.280279842854339e-28 1.000000000000000e+00	0.000000000000000e+00 
9.424772598520676e+00 4.595661728335540e+10 1.570796353589796e+00 3.414791042600000e+15	1.000000051545107e+00 4.285145201244720e-15 -2.058281835186663e-10 5.152846527310997e-28 1.000000000000000e+00	0.000000000000000e+00 
9.424772709505936e+00 4.595661728335012e+10 1.570796353589796e+00 3.414791068500000e+15	1.000000051545107e+00 4.285145201245705e-15 -2.020930941693502e-10 5.025413211767545e-28 1.000000000000000e+00	0.000000000000000e+00 
9.424772820491197e+00 4.595661728334494e+10 1.570796353589796e+00 3.414791094400000e+15	1.000000051545107e+00 4.285145201246672e-15 -1.983580048200309e-10 4.897979896223984e-28 1.000000000000000e+00	0.000000000000000e+00 
9.424772931476458e+00 4.595661728333985e+10 1.570796353589796e+00 3.414791120300000e+15	1.000000051545107e+00 4.285145201247621e-15 -1.946229154707083e-10 4.770546580680318e-28 1.000000000000000e+00	0.000000000000000e+00 
9.424773042461718e+00 4.595661728333485e+10 1.570796353589796e+00 3.414791146200000e+15	1.000000051545107e+00 4.285145201248552e-15 -1.908878261213824e-10 4.643113265136547e-28 1.000000000000000e+00	0.000000000000000e+00 
9.424773153446979e+00 4.595661728332996e+10 1.570796353589796e+00 3.414791172100000e+15	1.000000051545107e+00 4.285145201249465e-15 -1.871527367720534e-10 4.515679949592675e-28 1.000000000000000e+00	0.000000000000000e+00 
9.424773264432240e+00 4.595661728332516e+10 1.570796353589796e+00 3.414791198000000e+15	1.000000051545107e+00 4.285145201250360e-15 -1.834176474227213e-10 4.388246634048703e-28 1.000000000000000e+00	0.000000000000000e+00 
9.424773375417501e+00 4.595661728332046e+10 1.570796353589796e+00 3.414791223900000e+15	1.000000051545107e+00 4.285145201251237e-15 -1.796825580733862e-10 4.260813318504633e-28 1.000000000000000e+00	0.000000000000000e+00 
9.424773486402761e+00 4.595661728331585e+10 1.570796353589796e+00 3.414791249800000e+15	1.000000051545107e+00 4.285145201252096e-15 -1.759474687240481e-10 4.133380002960468e-28 1.000000000000000e+00	0.000000000000000e+00 
9.424773597388022e+00 4.595661728331134e+10 1.570796353589796e+00 3.414791275700000e+15	1.000000051545107e+00 4.285145201252937e-15 -1.722123793747071e-10 4.005946687416210e-28 1.000000000000000e+00	0.000000000000000e+00 
9.424773708373283e+00 4.595661728330693e+10 1.570796353589796e+00 3.414791301600000e+15	1.000000051545107e+00 4.285145201253759e-15 -1.684772900253632e-10 3.878513371871861e-28 1.000000000000000e+00	0.000000000000000e+00 
9.424773819358543e+00 4.595661728330262e+10 1.570796353589796e+00 3.414791327500000e+15	1.000000051545107e+00 4.285145201254564e-15 -1.647422006760166e-10 3.751080056327423e-28 1.000000000000000e+00	0.000000000000000e+00 
9.424773930343804e+00 4.595661728329840e+10 1.570796353589796e+00 3.414791353400000e+15	1.000000051545107e+00 4.285145201255351e-15 -1.610071113266672e-10 3.623646740782898e-28 1.000000000000000e+00	0.000000000000000e+00 
9.424774041329065e+00 4.595661728329428e+10 1.570796353589796e+00 3.414791379300000e+15	1.000000051545107e+00 4.285145201256119e-15 -1.572720219773152e-10 3.496213425238288e-28 1.000000000000000e+00	0.000000000000000e+00 
9.424774152314326e+00 4.595661728329025e+10 1.570796353589796e+00 3.414791405200000e+15	1.000000051545107e+00 4.285145201256870e-15 -1.535369326279605e-10 3.368780109693596e-28 1.000000000000000e+00	0.000000000000000e+00 
9.424774263299586e+00 4.595661728328632e+10 1.570796353589796e+00 3.414791431100000e+15	1.000000051545107e+00 4.285145201257603e-15 -1.498018432786034e-10 3.241346794148824e-28 1.000000000000000e+00	0.000000000000000e+00 
9.424774374284847e+00 4.595661728328249e+10 1.570796353589796e+00 3.414791457000000e+15	1.000000051545107e+00 4.285145201258317e-15 -1.460667539292438e-10 3.113913478603973e-28 1.000000000000000e+00	0.000000000000000e+00 
9.424774485270108e+00 4.595661728327876e+10 1.570796353589796e+00 3.414791482900000e+15	1.000000051545107e+00 4.285145201259014e-15 -1.423316645798817e-10 2.986480163059047e-28 1.000000000000000e+00	0.000000000000000e+00 
9.424774596255368e+00 4.595661728327512e+10 1.570796353589796e+00 3.414791508800000e+15	1.000000051545107e+00 4.285145201259692e-15 -1.385965752305173e-10 2.859046847514046e-28 1.000000000000000e+00	0.000000000000000e+00 
9.424774707240629e+00 4.595661728327158e+10 1.570796353589796e+00 3.414791534700000e+15	1.000000051545107e+00 4.285145201260352e-15 -1.348614858811506e-10 2.731613531968974e-28 1.000000000000000e+00	0.000000000000000e+00 
9.424774818225890e+00 4.595661728326813e+10 1.570796353589796e+00 3.414791560600000e+15	1.000000051545107e+00 4.285145201260995e-15 -1.311263965317817e-10 2.604180216423832e-28 1.000000000000000e+00	0.000000000000000e+00 
9.424774929211150e+00 4.595661728326479e+10 1.570796353589796e+00 3.414791586500000e+15	1.000000051545107e+00 4.285145201261619e-15 -1.273913071824106e-10 2.476746900878623e-28 1.000000000000000e+00	0.000000000000000e+00 
9.424775040196411e+00 4.595661728326153e+10 1.570796353589796e+00 3.414791612400000e+15	1.000000051545107e+00 4.285145201262225e-15 -1.236562178330374e-10 2.349313585333348e-28 1.000000000000000e+00	0.000000000000000e+00 
9.424775151181672e+00 4.595661728325838e+10 1.570796353589796e+00 3.414791638300000e+15	1.000000051545107e+00 4.285145201262814e-15 -1.199211284836622e-10 2.221880269788010e-28 1.000000000000000e+00	0.000000000000000e+00 
9.424775262166933e+00 4.595661728325532e+10 1.570796353589796e+00 3.414791664200000e+15	1.000000051545107e+00 4.285145201263384e-15 -1.161860391342849e-10 2.094446954242611e-28 1.000000000000000e+00	0.000000000000000e+00 
9.424775373152193e+00 4.595661728325236e+10 1.570796353589796e+00 3.414791690100000e+15	1.000000051545107e+00 4.285145201263936e-15 -1.124509497849058e-10 1.967013638697153e-28 1.000000000000000e+00	0.000000000000000e+00 
9.424775484137454e+00 4.595661728324950e+10 1.570796353589796e+00 3.414791716000000e+15	1.000000051545107e+00 4.285145201264470e-15 -1.087158604355248e-10 1.839580323151639e-28 1.000000000000000e+00	0.000000000000000e+00 
9.424775595122715e+00 4.595661728324673e+10 1.570796353589796e+00 3.414791741900000e+15	1.000000051545107e+00 4.285145201264986e-15 -1.049807710861420e-10 1.712147007606070e-28 1.000000000000000e+00	0.000000000000000e+00 
9.424775706107975e+00 4.595661728324406e+10 1.570796353589796e+00 3.414791767800000e+15	1.000000051545107e+00 4.285145201265484e-15 -1.012456817367575e-10 1.584713692060448e-28 1.000000000000000e+00	0.000000000000000e+00 
9.424775817093236e+00 4.595661728324149e+10 1.570796353589796e+00 3.414791793700000e+15	1.000000051545107e+00 4.285145201265964e-15 -9.751059238737126e-11 1.457280376514776e-28 1.000000000000000e+00	0.000000000000000e+00 
9.424775928078497e+00 4.595661728323901e+10 1.570796353589796e+00 3.414791819600000e+15	1.000000051545107e+00 4.285145201266426e-15 -9.377550303798344e-11 1.329847060969056e-28 1.000000000000000e+00	0.000000000000000e+00 
9.424776039063758e+00 4.595661728323663e+10 1.570796353589796e+00 3.414791845500000e+15	1.000000051545107e+00 4.285145201266870e-15 -9.004041368859407e-11 1.202413745423290e-28 1.000000000000000e+00	0.000000000000000e+00 
9.424776150049018e+00 4.595661728323434e+10 1.570796353589796e+00 3.414791871400000e+15	1.000000051545107e+00 4.285145201267296e-15 -8.630532433920322e-11 1.074980429877480e-28 1.000000000000000e+00	0.000000000000000e+00 
9.424776261034279e+00 4.595661728323216e+10 1.570796353589796e+00 3.414791897300000e+15	1.000000051545107e+00 4.285145201267704e-15 -8.257023498981093e-11 9.475471143316287e-29 1.000000000000000e+00	0.000000000000000e+00 
9.424776372019540e+00 4.595661728323007e+10 1.570796353589796e+00 3.414791923200000e+15	1.000000051545107e+00 4.285145201268094e-15 -7.883514564041729e-11 8.201137987857375e-29 1.000000000000000e+00	0.000000000000000e+00 
9.424776483004800e+00 4.595661728322807e+10 1.570796353589796e+00 3.414791949100000e+15	1.000000051545107e+00 4.285145201268465e-15 -7.510005629102234e-11 6.926804832398089e-29 1.000000000000000e+00	0.000000000000000e+00 
9.424776593990061e+00 4.595661728322618e+10 1.570796353589796e+00 3.414791975000000e+15	1.000000051545107e+00 4.285145201268819e-15 -7.136496694162615e-11 5.652471676938450e-29 1.000000000000000e+00	0.000000000000000e+00 
9.424776704975322e+00 4.595661728322438e+10 1.570796353589796e+00 3.414792000900000e+15	1.000000051545107e+00 4.285145201269155e-15 -6.762987759222878e-11 4.378138521478480e-29 1.000000000000000e+00	0.000000000000000e+00 
9.424776815960583e+00 4.595661728322267e+10 1.570796353589796e+00 3.414792026800000e+15	1.000000051545107e+00 4.285145201269472e-15 -6.389478824283029e-11 3.103805366018200e-29 1.000000000000000e+00	0.000000000000000e+00 
9.424776926945843e+00 4.595661728322107e+10 1.570796353589796e+00 3.414792052700000e+15	1.000000051545107e+00 4.285145201269772e-15 -6.015969889343075e-11 1.829472210557632e-29 1.000000000000000e+00	0.000000000000000e+00 
9.424777037931104e+00 4.595661728321956e+10 1.570796353589796e+00 3.414792078600000e+15	1.000000051545107e+00 4.285145201270053e-15 -5.642460954403021e-11 5.551390550967970e-30 1.000000000000000e+00	0.000000000000000e+00 
9.424777148916365e+00 4.595661728321814e+10 1.570796353589796e+00 3.414792104500000e+15	1.000000051545107e+00 4.285145201270317e-15 -5.268952019462874e-11 -7.191941003642836e-30 1.000000000000000e+00	0.000000000000000e+00 
9.424777259901625e+00 4.595661728321683e+10 1.570796353589796e+00 3.414792130400000e+15	1.000000051545107e+00 4.285145201270562e-15 -4.895443084522639e-11 -1.993527255825588e-29 1.000000000000000e+00	0.000000000000000e+00 
9.424777370886886e+00 4.595661728321561e+10 1.570796353589796e+00 3.414792156300000e+15	1.000000051545107e+00 4.285145201270790e-15 -4.521934149582324e-11 -3.267860411287096e-29 1.000000000000000e+00	0.000000000000000e+00 
9.424777481872147e+00 4.595661728321449e+10 1.570796353589796e+00 3.414792182200000e+15	1.000000051545107e+00 4.285145201270999e-15 -4.148425214641935e-11 -4.542193566748784e-29 1.000000000000000e+00	0.000000000000000e+00 
9.424777592857408e+00 4.595661728321346e+10 1.570796353589796e+00 3.414792208100000e+15	1.000000051545107e+00 4.285145201271191e-15 -3.774916279701476e-11 -5.816526722210632e-29 1.000000000000000e+00	0.000000000000000e+00 
9.424777703842668e+00 4.595661728321253e+10 1.570796353589796e+00 3.414792234000000e+15	1.000000051545107e+00 4.285145201271364e-15 -3.401407344760955e-11 -7.090859877672618e-29 1.000000000000000e+00	0.000000000000000e+00 
9.424777814827929e+00 4.595661728321170e+10 1.570796353589796e+00 3.414792259900000e+15	1.000000051545107e+00 4.285145201271519e-15 -3.027898409820378e-11 -8.365193033134721e-29 1.000000000000000e+00	0.000000000000000e+00 
9.424777925813190e+00 4.595661728321096e+10 1.570796353589796e+00 3.414792285800000e+15	1.000000051545107e+00 4.285145201271656e-15 -2.654389474879751e-11 -9.639526188596919e-29 1.000000000000000e+00	0.000000000000000e+00 
9.424778036798450e+00 4.595661728321032e+10 1.570796353589796e+00 3.414792311700000e+15	1.000000051545107e+00 4.285145201271776e-15 -2.280880539939080e-11 -1.091385934405919e-28 1.000000000000000e+00	0.000000000000000e+00 
9.424778147783711e+00 4.595661728320978e+10 1.570796353589796e+00 3.414792337600000e+15	1.000000051545107e+00 4.285145201271877e-15 -1.907371604998372e-11 -1.218819249952152e-28 1.000000000000000e+00	0.000000000000000e+00 
9.424778258768972e+00 4.595661728320934e+10 1.570796353589796e+00 3.414792363500000e+15	1.000000051545107e+00 4.285145201271960e-15 -1.533862670057632e-11 -1.346252565498387e-28 1.000000000000000e+00	0.000000000000000e+00 
9.424778369754233e+00 4.595661728320899e+10 1.570796353589796e+00 3.414792389400000e+15	1.000000051545107e+00 4.285145201272025e-15 -1.160353735116866e-11 -1.473685881044623e-28 1.000000000000000e+00	0.000000000000000e+00 
9.424778480739493e+00 4.595661728320873e+10 1.570796353589796e+00 3.414792415300000e+15	1.000000051545107e+00 4.285145201272072e-15 -7.868448001760816e-12 -1.601119196590859e-28 1.000000000000000e+00	0.000000000000000e+00 
9.424778591724754e+00 4.595661728320858e+10 1.570796353589796e+00 3.414792441200000e+15	1.000000051545107e+00 4.285145201272101e-15 -4.133358652352839e-12 -1.728552512137091e-28 1.000000000000000e+00	0.000000000000000e+00 
9.424778702710015e+00 4.595661728320852e+10 1.570796353589796e+00 3.414792467100000e+15	1.000000051545107e+00 4.285145201272112e-15 -3.982693029447943e-13 -1.855985827683317e-28 1.000000000000000e+00	0.000000000000000e+00 
9.424778813695275e+00 4.595661728320856e+10 1.570796353589796e+00 3.414792493000000e+15	1.000000051545107e+00 4.285145201272105e-15 3.336820046463257e-12 -1.983419143229536e-28 1.000000000000000e+00	0.000000000000000e+00 
9.424778924680536e+00 4.595661728320869e+10 1.570796353589796e+00 3.414792518900000e+15	1.000000051545107e+00 4.285145201272080e-15 7.071909395871254e-12 -2.110852458775745e-28 1.000000000000000e+00	0.000000000000000e+00 
9.424779035665797e+00 4.595661728320892e+10 1.570796353589796e+00 3.414792544800000e+15	1.000000051545107e+00 4.285145201272036e-15 1.080699874527913e-11 -2.238285774321942e-28 1.000000000000000e+00	0.000000000000000e+00 
9.424779146651058e+00 4.595661728320925e+10 1.570796353589796e+00 3.414792570700000e+15	1.000000051545107e+00 4.285145201271975e-15 1.454208809468683e-11 -2.365719089868125e-28 1.000000000000000e+00	0.000000000000000e+00 
9.424779257636318e+00 4.595661728320968e+10 1.570796353589796e+00 3.414792596600000e+15	1.000000051545107e+00 4.285145201271896e-15 1.827717744409429e-11 -2.493152405414292e-28 1.000000000000000e+00	0.000000000000000e+00 
9.424779368621579e+00 4.595661728321020e+10 1.570796353589796e+00 3.414792622500000e+15	1.000000051545107e+00 4.285145201271799e-15 2.201226679350145e-11 -2.620585720960440e-28 1.000000000000000e+00	0.000000000000000e+00 
9.424779479606840e+00 4.595661728321082e+10 1.570796353589796e+00 3.414792648400000e+15	1.000000051545107e+00 4.285145201271683e-15 2.574735614290825e-11 -2.748019036506568e-28 1.000000000000000e+00	0.000000000000000e+00 
9.424779590592100e+00 4.595661728321153e+10 1.570796353589796e+00 3.414792674300000e+15	1.000000051545107e+00 4.285145201271550e-15 2.948244549231462e-11 -2.875452352052673e-28 1.000000000000000e+00	0.000000000000000e+00 
9.424779701577361e+00 4.595661728321234e+10 1.570796353589796e+00 3.414792700200000e+15	1.000000051545107e+00 4.285145201271399e-15 3.321753484172050e-11 -3.002885667598753e-28 1.000000000000000e+00	0.000000000000000e+00 
9.424779812562622e+00 4.595661728321325e+10 1.570796353589796e+00 3.414792726100000e+15	1.000000051545107e+00 4.285145201271229e-15 3.695262419112583e-11 -3.130318983144807e-28 1.000000000000000e+00	0.000000000000000e+00 
9.424779923547883e+00 4.595661728321426e+10 1.570796353589796e+00 3.414792752000000e+15	1.000000051545107e+00 4.285145201271042e-15 4.068771354053055e-11 -3.257752298690831e-28 1.000000000000000e+00	0.000000000000000e+00 
